date,actual_min_temperature,rf_preds,lgb_preds,xgb_preds,nn_preds,ensemble_preds_with_nn
2020-04-01,-4.4,-4.918000000000003,-4.506659863794026,-4.9367623,-3.9429722,-4.576098594984456
2020-04-02,-4.1,-4.3480000000000025,-3.9575474720195,-3.5259972,-3.3127685,-3.786078273301201
2020-04-03,-0.1,-2.2479999999999984,-2.362091784625016,-2.458065,-1.8772898,-2.2363616474044226
2020-04-04,1.2,0.623,1.1153773146229053,1.0112951,1.0536261,0.9508246138234204
2020-04-05,5.4,1.501,2.3630172343375415,1.5426971,0.9825897,1.5973260070115858
2020-04-06,3.5,3.1909999999999963,3.7827103553623416,3.0272093,2.372634,3.09338839282618
2020-04-07,0.7,0.46499999999999964,0.31937805221313786,0.7109556,0.3565061,0.46295994531570506
2020-04-08,0.3,0.18800000000000014,0.26132686368946834,0.085481375,-0.45475596,0.020013069312583953
2020-04-09,1.5,0.8319999999999996,1.483533992458406,1.4810861,0.67333317,1.1174883238496935
2020-04-10,5.8,4.143999999999999,4.395808856385834,4.901991,3.3835936,4.206348326538475
2020-04-11,2.8,3.01,3.0549696221442693,3.3485153,2.179462,2.8982367125772353
2020-04-12,1.5,1.1010000000000004,1.4391594336245572,1.1570845,0.71391416,1.102789513652874
2020-04-13,7.8,6.132000000000001,7.519120841219123,6.716855,6.924758,6.8231834619527305
2020-04-14,4.8,8.120999999999995,7.051946613681097,7.039252,5.498991,6.927797357651535
2020-04-15,-1.6,-2.6680000000000006,-3.9969239242462096,-4.1945157,-2.6044612,-3.3659752056098924
2020-04-16,-0.6,0.22600000000000006,0.6690390697951182,0.2412948,-0.34049347,0.19896010014998577
2020-04-17,5.5,3.784,2.656915776906363,3.5895126,3.3492372,3.344916391774503
2020-04-18,8.5,7.0299999999999985,7.62760110517999,7.4960613,6.418387,7.143012341610244
2020-04-19,11.5,10.518999999999997,10.281099108395296,10.177092,10.377928,10.33877962176435
2020-04-20,6.9,5.540000000000001,5.384049883439587,5.19642,5.6590724,5.444885618824374
2020-04-21,4.5,1.442,0.636399075424142,1.3950294,0.5583828,1.0079528275518286
2020-04-22,1.8,3.4979999999999993,2.7346784675650873,2.4710672,1.2088236,2.478142304850943
2020-04-23,2.0,3.2559999999999985,3.0641466759214033,3.3969612,2.4410193,3.0395317961814308
2020-04-24,3.3,1.3350000000000006,1.481507426721411,1.5844709,1.5943453,1.4988309065060212
2020-04-25,6.9,5.578000000000003,5.042414848968751,5.5953517,6.2957277,5.62787356869513
2020-04-26,3.1,4.351,2.667001701835575,3.5610476,0.23250318,2.7028881078967903
2020-04-27,1.8,1.5470000000000004,1.2846468183107722,1.4015319,0.8344308,1.266902391709575
2020-04-28,9.6,7.11,8.324985011557843,7.261724,6.464434,7.290285788411921
2020-04-29,12.7,11.131000000000002,11.209702530347633,11.07153,9.96475,10.84424579059167
2020-04-30,12.8,11.134999999999998,11.803852755044016,11.451797,9.326832,10.929370276087052
2021-04-01,5.9,4.936,4.955081095748724,4.767455,3.654508,4.578261077655748
2021-04-02,9.1,9.968999999999996,9.95530873683238,10.685295,8.9924,9.90050100279635
2021-04-03,3.6,5.475000000000001,5.127143326580574,5.618261,3.2245083,4.8612281181365375
2021-04-04,3.3,2.9810000000000003,2.430430680270971,2.335391,1.9537036,2.4251313416947875
2021-04-05,-3.8,-2.051,-3.090574300382333,-3.3201456,-2.1110907,-2.643202641868044
2021-04-06,2.5,1.9850000000000003,2.078336120348841,2.2063358,2.425517,2.1737972463919895
2021-04-07,-3.0,-2.3319999999999994,-2.826139551074561,-1.9099077,-0.5450115,-1.9032646925228973
2021-04-08,-4.1,-2.4969999999999994,-3.3886642847574313,-3.2575984,-3.4349003,-3.1445407421717184
2021-04-09,-4.9,-3.236000000000002,-4.385379375090912,-4.1256204,-4.138979,-3.9714946745909048
2021-04-10,0.2,0.8909999999999996,1.479271828821561,0.90349996,2.1357467,1.3523796267934791
2021-04-11,1.1,2.6229999999999993,1.8883948025066697,2.2744405,2.6323137,2.354537264450367
2021-04-12,4.0,4.785,4.368455029170578,4.303633,4.8345084,4.5728991653126645
2021-04-13,4.2,7.396999999999999,7.153322791346303,6.217615,6.668604,6.859135454001127
2021-04-14,2.8,2.9240000000000013,2.212671168051678,2.021817,2.379853,2.3845852867867845
2021-04-15,2.5,1.4830000000000003,0.6394262875085656,0.53505236,1.8986684,1.1390367637516454
2021-04-16,0.3,-0.87,-1.6756130585699347,-0.49892724,-0.42367643,-0.8670541813380784
2021-04-17,3.6,0.4809999999999999,-0.5942316262389181,0.065081745,0.51167715,0.11588181627628806
2021-04-18,5.7,3.820000000000001,3.783981321712106,3.456892,4.1309495,3.797955708121203
2021-04-19,5.9,4.758,4.205677715914191,4.737208,4.8423038,4.635797339592561
2021-04-20,5.5,4.9250000000000025,4.298778382648566,4.4341516,3.475607,4.283384237614657
2021-04-21,5.5,4.971000000000002,4.763522562473093,4.5162945,4.6850653,4.733970577828357
2021-04-22,6.0,5.4440000000000035,5.984992457436652,6.057995,5.7274055,5.803598212015414
2021-04-23,4.7,5.866999999999999,5.727272842228695,6.223368,5.7017,5.879835305169295
2021-04-24,3.5,1.122,0.14150971652647976,0.4380268,0.19931349,0.4752124984899688
2021-04-25,1.6,1.2939999999999998,1.1334438561596212,1.6039884,0.4135893,1.1112553909817768
2021-04-26,2.8,5.157000000000002,4.674457476200141,4.027508,4.635833,4.623699511185656
2021-04-27,6.8,6.201999999999998,5.483373905283191,5.794666,4.7227535,5.550698310877377
2021-04-28,8.5,6.018,5.707080971101203,6.2644787,6.360741,6.087575198257784
2021-04-29,9.1,8.358999999999995,8.94629184886201,8.660622,7.353861,8.329943586757738
2021-04-30,11.6,11.168,11.34024541864044,11.312279,10.620864,11.110347020172195
2022-04-01,8.3,9.031,9.082248423523456,8.944631,7.557292,8.653792757736333
2022-04-02,2.2,3.1440000000000015,2.095998296616826,2.7175186,1.6736145,2.407782841652223
2022-04-03,0.7,1.1290000000000004,-0.13126884142743755,0.0239248,2.054485,0.769035260208728
2022-04-04,-2.2,-2.4560000000000004,-3.5490857417357082,-3.4687455,-1.9700065,-2.8609594194236427
2022-04-05,-1.4,-2.0090000000000003,-1.2689955069104342,-2.3193846,-0.61468387,-1.5530159870753564
2022-04-06,1.5,2.998999999999999,3.658511150560469,3.2870889,2.7488678,3.173366942932628
2022-04-07,10.4,7.042999999999998,7.589762393144033,7.0221176,7.43538,7.272564997471188
2022-04-08,4.5,6.009000000000001,6.11657672265102,6.1277294,7.2194448,6.36818772257102
2022-04-09,8.0,9.651999999999996,9.84699886312257,9.665125,9.013576,9.544424827551271
2022-04-10,3.6,3.539000000000001,4.405301827329065,4.231807,2.5519104,3.682004864905692
2022-04-11,1.2,0.14400000000000002,-0.1484306662660553,0.052199915,-0.5421626,-0.12359833709850196
2022-04-12,-1.8,-1.9739999999999995,-2.5988475570829537,-2.151871,-2.5699697,-2.3236720442809617
2022-04-13,-0.9,1.8109999999999997,1.1830811826241072,1.5032569,1.2158926,1.428307663238348
2022-04-14,0.2,1.3439999999999992,0.8318329300732042,0.6668145,0.5595193,0.8505416817628001
2022-04-15,1.1,1.9080000000000001,1.6435438019401742,1.8646518,1.8363622,1.8131394609602023
2022-04-16,8.4,6.649999999999998,6.208894892925545,6.273535,5.0955234,6.056988256274293
2022-04-17,4.0,1.7109999999999996,0.8702837490080811,2.3291438,2.1410933,1.7628801914214844
2022-04-18,-0.1,-0.7780000000000004,-1.2805745436896592,-1.6739078,-2.841723,-1.6435513164338895
2022-04-19,-0.7,-0.8349999999999997,-1.2934984399644565,-0.90366554,-0.90439594,-0.984139980121653
2022-04-20,-1.1,2.6279999999999997,1.3787009473962635,2.294102,2.3015609,2.1505909449140987
2022-04-21,-0.6,1.1230000000000002,0.8309617711018426,0.84565914,1.3541609,1.0384454531895844
2022-04-22,9.7,7.254000000000001,7.4976189390846315,7.869048,7.003974,7.406160254638102
2022-04-23,8.1,8.188999999999995,7.898567394534656,7.5027385,7.517401,7.77692677218713
2022-04-24,8.4,6.690000000000002,6.614073812935517,6.716777,7.046024,6.766718626611871
2022-04-25,9.4,9.344000000000001,9.500490217514763,9.481639,8.454903,9.195257943706693
2022-04-26,5.9,7.895999999999998,8.490101226008658,8.439681,7.467886,8.073417062559903
2022-04-27,10.0,8.830000000000002,8.109795259158036,8.735476,8.834224,8.627373636643147
2022-04-28,10.1,9.718000000000002,9.6401799224165,9.563264,7.15126,9.018175928670837
2022-04-29,6.4,6.372999999999998,6.0860453162281605,6.853868,6.4806957,6.448402262093844
2022-04-30,7.5,6.057000000000001,6.2996518273835695,5.449738,5.8564672,5.915714275014533
2023-04-01,8.8,7.671,8.517825660095088,7.811681,6.9900055,7.747627986755339
2023-04-02,6.4,5.309999999999999,5.441489375504693,5.1478457,3.9369013,4.959059112884809
2023-04-03,5.7,5.896999999999996,5.4288513190468874,5.1295223,4.7411995,5.299143284015871
2023-04-04,1.9,0.011000000000000041,-0.5117845408589705,-0.026339974,0.70631945,0.04479873405468801
2023-04-05,0.9,-2.1079999999999997,-2.0371529127745664,-0.70741,-0.27307487,-1.281409439007164
2023-04-06,-2.7,-2.554,-3.6375678046733477,-2.8831997,-2.543181,-2.904487109745302
2023-04-07,1.2,0.4279999999999999,0.08322309685481993,0.36917117,2.550695,0.8577723029274081
2023-04-08,2.8,1.395,0.5115838406941374,1.2866292,2.3701866,1.3908499019955864
2023-04-09,2.6,2.4000000000000004,2.2731040735764316,1.8828384,0.8287664,1.8461772118936732
2023-04-10,2.1,2.7290000000000005,3.297045949796444,2.3386807,2.9223776,2.821776070083083
2023-04-11,2.6,4.098,4.293822700258135,4.182447,2.6935954,3.816966266571492
2023-04-12,5.7,5.703000000000002,5.726949459761954,5.929173,5.2294397,5.647140546970213
2023-04-13,3.3,3.2919999999999994,3.2907602435204377,3.6921358,3.7940104,3.5172266137861454
2023-04-14,8.6,8.98,9.449618198066053,9.078549,8.233031,8.935299714006259
2023-04-15,3.8,4.704,4.886663156317583,4.5695963,4.4256105,4.646467497300831
2023-04-16,7.0,5.718999999999999,6.583628355110593,6.341102,6.168665,6.203098852655517
2023-04-17,7.8,9.062999999999994,8.797794499754199,8.721361,7.2772717,8.464856851905406
2023-04-18,11.1,10.341,11.036759987871926,10.133906,9.388915,10.225145353565882
2023-04-19,8.5,7.6869999999999985,8.034424020175658,7.6760316,7.078374,7.618957379670074
2023-04-20,5.3,5.470000000000002,5.506131150275086,5.2803917,4.372568,5.157272743470871
2023-04-21,5.7,5.471,5.287106328509409,4.8368487,4.7276993,5.080663586025973
2023-04-22,6.0,6.493999999999999,6.500069371069592,6.097632,6.229583,6.330321022233646
2023-04-23,4.8,5.2600000000000025,5.413279682485807,5.6999626,5.633361,5.501650790296135
2023-04-24,10.1,9.126999999999997,10.361259769602942,9.210916,9.07011,9.442321414034646
2023-04-25,10.0,10.372000000000003,10.608017893705894,10.185361,9.472592,10.15949278900875
2023-04-26,3.9,4.78,4.5474545987674375,4.548698,4.031677,4.47695732911996
2023-04-27,0.9,1.147,0.33783944052526543,0.7525494,0.033851735,0.5678101464213658
2023-04-28,0.0,0.5059999999999999,0.17428385815196815,1.3733326,-1.0098565,0.26094000383509586
2023-04-29,9.6,8.062,8.472934908988723,8.599962,7.48577,8.155166842252674
2023-04-30,7.7,8.430999999999997,9.25520234997914,8.879065,6.993485,8.389687970955784
2024-04-01,13.3,11.221000000000002,11.889278792655055,9.950305,9.385708,10.611572908231514
2024-04-02,9.3,10.848999999999998,10.775630462943333,8.631702,8.408735,9.666267040326897
2024-04-03,3.7,5.9910000000000005,5.172298101195277,5.630535,5.2090397,5.500718228759513
2024-04-04,9.0,8.968,8.451814873309408,8.774282,6.350666,8.13619084372408
2024-04-05,8.3,6.935,7.636441977287171,7.070135,7.47655,7.279531799024552
2024-04-06,9.2,7.474,8.435895142945594,8.570841,7.7203803,8.050279071190195
2024-04-07,10.5,8.796000000000001,8.877530600166281,8.766368,8.872583,8.828120475435247
2024-04-08,10.0,8.249000000000002,9.119011384560542,8.949148,8.095416,8.603143907922973
2024-04-09,10.3,8.964,9.15195373555591,9.562819,8.550571,9.057335926106996
2024-04-10,8.5,10.527999999999997,9.972924138309313,9.8560295,9.371309,9.932065732300716
2024-04-11,8.9,8.245999999999995,8.797769678484045,7.629663,7.946807,8.15505989417698
2024-04-12,8.8,9.221999999999998,9.316736549023762,9.287734,7.8190837,8.91138856783608
2024-04-13,6.5,7.960999999999998,8.388670235566906,7.4471455,7.212586,7.752350405914736
2024-04-14,9.6,8.593999999999996,8.473969883926591,8.724075,7.8417196,8.408441207172443
2024-04-15,10.4,11.065,10.751793902712413,10.449007,9.856831,10.5306578834845
2024-04-16,6.0,11.61,10.508693259775848,9.541464,8.20026,9.965104318514518
2024-04-17,4.5,6.256000000000001,5.268877745563103,6.270303,2.4112077,5.051597048504728
2024-04-18,6.1,6.178999999999999,6.001849759769222,6.99332,4.774438,5.987151913094466
2024-04-19,2.0,2.8099999999999996,3.0577076056011956,2.5588367,2.519504,2.7365120936038205
2024-04-20,0.7,-0.6049999999999998,-0.40217462401559867,0.5054896,0.17891425,-0.080692696822114
2024-04-21,2.8,4.2090000000000005,4.170803938998377,3.1205955,3.7870896,3.8218722451064977
2024-04-22,6.1,5.192999999999997,4.525008662913048,5.136853,4.295787,4.787662184649159
2024-04-23,4.0,2.7059999999999995,2.943661115901667,2.5202165,4.2483163,3.1045484672230974
2024-04-24,7.7,8.677,9.115130812485221,8.489657,8.308711,8.647624816616178
2024-04-25,1.5,3.0230000000000006,2.2299838828771152,1.6823192,2.367743,2.3257615156106364
2024-04-26,1.0,-0.28099999999999975,0.34474239063798423,1.4969517,1.5832583,0.7859880902780569
2024-04-27,5.6,5.324000000000002,5.321420228237572,5.9081526,6.473127,5.756674924193487
2024-04-28,7.6,5.353,6.016059924867745,6.4539814,6.4754353,6.074619145340471
2024-04-29,10.3,9.160999999999994,8.728870053319971,9.491331,8.956442,9.084410758264074
2024-04-30,10.6,8.671000000000003,9.70722996093938,9.521018,9.152377,9.262906279449933
